time,x,y,z,phi,theta,psi,x_velocity,y_velocity,z_velocity,phi_velocity,theta_velocity,psi_velocity,rotor_speed1,rotor_speed2,rotor_speed3,rotor_speed4
0.06,-2.94648791547e-07,1.53195019355e-07,10.0088432169,6.28273331108,6.28269406917,0.0,9.37265819502e-06,-1.45197107125e-05,0.294744181386,-0.0302006860476,-0.0344543826227,0.0,496.51452764297056,493.98083111413297,495.5645502025712,493.3401114331604
0.12000000000000001,1.87580828787e-05,-1.7197695036e-05,10.0304979481,6.28136625821,6.28097988021,0.0,0.000825427655718,-0.000730289036872,0.427039000288,-0.011018957604,-0.0188353776053,0.0,446.6304106629893,447.90199178338236,446.23280918872456,447.79555919374695
0.18,0.000142806721755,-0.000122499411417,10.0701124067,6.28067083029,6.28071371891,0.0,0.00340322315408,-0.00288521602221,0.893198567413,-0.0127587080173,0.0148868744569,0.0,540.0883956524982,542.3577579912615,540.8456070257874,540.7285872490934
0.23999999999999996,0.000399459047714,-0.000355941748967,10.1287534246,6.27988712382,6.28145386483,0.0,0.00505935150245,-0.00498264056726,1.06136074757,-0.0136748891184,0.00667113827807,0.0,457.9144523105589,457.2603915094592,460.12657593448756,460.05417261153445
0.3,0.000746625877136,-0.000757776642726,10.2046321486,6.27863002053,0.000832861626019,0.0,0.00623584118569,-0.00855327880286,1.46750030609,-0.0423607629923,0.0754474499223,0.0,523.1361092960309,527.9032535729655,527.9929321362893,526.0103708023421
0.36000000000000004,0.00107480895035,-0.00140879130699,10.3025913231,6.27654261456,0.00525867237766,0.0,0.00409524322146,-0.0134553619041,1.79734442595,-0.0228302713157,0.0701650646076,0.0,505.6123249752568,505.23516522217716,507.1304371494741,508.5308031137835
0.4200000000000001,0.00115186036437,-0.00240652634886,10.4204765626,6.27557831484,0.0102242572804,0.0,-0.00216071575656,-0.0199545035292,2.13159739455,-0.0051576841498,0.100346022164,0.0,506.73657705292555,508.9056973359283,509.09431986463426,510.35726382476173
0.48000000000000015,0.000756158370694,-0.00378375728127,10.5541843549,6.27515734166,0.0161153254954,0.0,-0.0117152922084,-0.0259922336406,2.32494769859,-0.011019789442,0.0934710571462,0.0,469.7128515365249,469.18710833123544,470.48264449907987,470.0286910207892
0.5400000000000001,-0.000285792636724,-0.00550363322753,10.6957805401,6.27506662023,0.0217906713742,0.0,-0.0235642845233,-0.0313677942578,2.39477107335,0.0127829007168,0.0967347775197,0.0,433.3864021683791,433.66846349353125,430.5477548095145,432.55688144922993
0.6000000000000002,-0.00223798002987,-0.00757347016473,10.8453339095,6.27559700398,0.0278479973664,0.0,-0.0421885459734,-0.0375463190242,2.58990406208,-0.000521977510416,0.108279846014,0.0,470.8579324980337,471.75832009553926,472.1964663339054,471.1688942324321
0.6600000000000003,-0.0054118202147,-0.00999426913092,11.0051800391,6.27533967733,0.034342780637,0.0,-0.0643047289963,-0.0431585273824,2.73793547291,-0.0131521697546,0.108179446172,0.0,458.0590883492717,458.06103563157063,459.0185562073128,458.0152480598002
0.7200000000000003,-0.0100332633321,-0.0127553808721,11.1732561562,6.27436941099,0.0409225469379,0.0,-0.090424410895,-0.0489681410897,2.86426622558,-0.0230200984096,0.112473253743,0.0,452.3677660941925,452.72375723317384,452.6811336125112,451.8864667236116
0.7800000000000004,-0.016316264859,-0.0158775728129,11.3477625724,6.2731519819,0.048122261784,0.0,-0.119701487961,-0.0552323293353,2.95235669848,-0.0153251536804,0.131886182513,0.0,440.29276472017773,441.9087951995824,440.96959982322585,441.6048051204885
0.8400000000000004,-0.0247660603247,-0.0194523010471,11.5327917185,6.27208406849,0.0558243646217,0.0,-0.162908168801,-0.0640420873455,3.21452698966,-0.0232712116634,0.120203513777,0.0,494.18425044447235,493.3355577126248,493.9952618307047,493.40908046892537
0.9000000000000005,-0.0357741649139,-0.0235393733789,11.7295627937,6.27101882052,0.0630203923926,0.0,-0.204773204363,-0.0723178654196,3.34408659256,-0.00853121392113,0.119389366939,0.0,455.8566030982614,455.8041090680886,456.08990306384754,457.2657110571956
0.9600000000000005,-0.0493102024099,-0.0281163184076,11.9319389387,6.27029925614,0.0704136186958,0.0,-0.247113995221,-0.0803021596872,3.4015610807,-0.0200145385909,0.129946699104,0.0,434.2436276525512,435.14241926152965,434.8389115923063,433.8759488526228
1.0200000000000005,-0.0655756977892,-0.0331965425773,12.1383570912,6.26889217862,0.0784003603701,0.0,-0.295830617661,-0.0891622547534,3.47874269783,-0.0314050963311,0.1387861181,0.0,441.3550679849935,442.1004095209822,441.3795741689377,440.43839835375576
1.0800000000000005,-0.0845845390297,-0.0387764324541,12.3451375481,6.26702898011,0.0865691626789,0.0,-0.338453290768,-0.0969814987519,3.41406836292,-0.0303589856572,0.130269891041,0.0,395.1964675245402,394.43031059709455,394.0756599485128,394.1718873390158
1.1400000000000006,-0.106995217299,-0.0449885886362,12.5561576865,6.26512566375,0.0942977235934,0.0,-0.409426352131,-0.110297049233,3.6192050942,-0.0345969977665,0.12571884981,0.0,480.8123655491218,480.48124032419366,480.77129510753895,480.44979534562617
1.2000000000000006,-0.133589976763,-0.0519963876439,12.7767858973,6.26273256251,0.101905084833,0.0,-0.477818596138,-0.123517438154,3.73459453448,-0.053405770339,0.128846674905,0.0,454.71731258126135,454.982064112233,456.3502903101894,454.8455283140967
1.2600000000000007,-0.16460591422,-0.059883246967,13.0058240224,6.25985939988,0.109693958692,0.0,-0.556853035038,-0.13970066112,3.89933410427,-0.038661497809,0.131681376529,0.0,470.7919129091043,471.02559262417617,470.8805188402707,472.01848509151597
1.3200000000000007,-0.200666907566,-0.0688292158707,13.2458535724,6.25724671169,0.117606071661,0.0,-0.646024193965,-0.158763828176,4.10080025243,-0.0557381376575,0.132239895402,0.0,483.4403207705549,483.49684265580333,483.9139721820814,482.6257729393356
1.3800000000000008,-0.241976916775,-0.0789203081531,13.4955191935,6.25352056584,0.126313437378,0.0,-0.731802532016,-0.177956186967,4.22079060351,-0.0795476239818,0.162986466192,0.0,459.39264637263074,461.8425661940325,461.93978845170534,460.05544297585215
1.4400000000000008,-0.288039857728,-0.0901083205697,13.7478131417,6.24854427614,0.136220367332,0.0,-0.804453433848,-0.195377639684,4.18896063935,-0.0907624522714,0.169060513017,0.0,412.6046023537467,413.1688160160649,413.8947200495342,412.9001694062996
1.5000000000000009,-0.338852682847,-0.102483397317,13.9997814136,6.24283552109,0.146268056611,0.0,-0.890204418155,-0.217617083168,4.20970152066,-0.105786133466,0.164059711319,0.0,431.46691121307344,431.0722198837305,431.11665905338293,429.8370736703802
1.560000000000001,-0.39509880827,-0.116327925838,14.2536563878,6.23641066368,0.156998580082,0.0,-0.985609039592,-0.244448360114,4.25239779999,-0.109802735352,0.198492671449,0.0,437.7714333777184,440.6576273274818,438.2679642382128,437.9237021525179
1.620000000000001,-0.457122475469,-0.131856064545,14.5090779965,6.23014649727,0.168752296433,0.0,-1.082882614,-0.273709703264,4.26134394472,-0.0953513485667,0.190126420836,0.0,428.61956216994173,427.94690391183747,428.20625320942656,429.42391369513
1.680000000000001,-0.525339137847,-0.149293146797,14.7658400599,6.22475758153,0.180411273918,0.0,-1.19204247869,-0.308015674134,4.29694721633,-0.0805706919713,0.201588656306,0.0,437.7257960053482,438.71598015705297,437.16250734921374,438.38552101983396
1.740000000000001,-0.600222777873,-0.168849944334,15.0241266142,6.22068115544,0.192201551001,0.0,-1.30512943226,-0.344247699384,4.31221384605,-0.0503177529409,0.183685146383,0.0,432.83872462089823,431.36786238083755,431.31358017012894,433.8573586665227
1.8000000000000012,-0.68286137796,-0.190889707381,15.2871278152,6.21741568569,0.202965402084,0.0,-1.45054883689,-0.390691329923,4.45355109393,-0.0642524724578,0.169052608322,0.0,473.8116963743986,472.7140787893313,473.2087717709834,472.1329389579031
1.8600000000000012,-0.772951688291,-0.215305285124,15.5513078257,6.21368037255,0.213556923993,0.0,-1.55328743318,-0.42344383718,4.35254536323,-0.05853492187,0.188348939607,0.0,394.14914573940496,395.9625791133396,394.83659927572484,395.3604836412297
1.9200000000000013,-0.870957373151,-0.24224631458,15.8166289336,6.21010228275,0.225141560455,0.0,-1.71466358753,-0.47490288596,4.49047064715,-0.0619297016825,0.201153744353,0.0,472.45297069426783,473.47299752602055,474.9822003979313,474.7194971987531
1.9800000000000013,-0.978670522216,-0.272274627356,16.089145738,6.20598303996,0.237864982807,0.0,-1.87692885404,-0.526369486684,4.59247837049,-0.0875738153319,0.227879649758,0.0,463.30597468845633,465.44410517969936,466.7373754384416,464.7278214671735
2.0400000000000014,-1.09621084097,-0.30541879635,16.3669692118,6.20125004898,0.251544778519,0.0,-2.04231819635,-0.578855381632,4.66738870249,-0.0655522620279,0.228229017332,0.0,458.67526390934484,458.7528868812783,457.70740269864217,459.4518860950835
2.1000000000000014,-1.22337247921,-0.341611343749,16.6469850399,6.19821786983,0.26522942335,0.0,-2.19756248974,-0.627813713179,4.66589595855,-0.0306594033217,0.227773065155,0.0,435.54899170239884,435.5637041757428,434.6994178603744,437.6119487351651
2.1600000000000015,-1.36093140366,-0.381043608723,16.9298752686,6.19634936268,0.279095018951,0.0,-2.38897312046,-0.68669289629,4.76266068212,-0.0321242567138,0.23701047627,0.0,467.9632062739361,468.7318076176949,469.3261652380822,469.21216344875427
2.2200000000000015,-1.51019561364,-0.424018972473,17.2182316617,6.19423938143,0.293201588765,0.0,-2.587749202,-0.745925852584,4.84807423569,-0.0420740887719,0.231016092881,0.0,468.0246760154693,467.60987587308364,467.90862942450576,467.13279183647603
2.2800000000000016,-1.67083598933,-0.470339481324,17.5088669333,6.19156801757,0.307124843074,0.0,-2.76807708544,-0.798257955039,4.83907048578,-0.0499331155533,0.234049832757,0.0,439.75266641835424,440.0581192838155,439.5563712006129,438.90330870021035
2.3400000000000016,-1.84254587985,-0.519840600085,17.798871718,6.18900269266,0.321234959167,0.0,-2.9567376835,-0.851953246281,4.82701041566,-0.0312976966673,0.237313038204,0.0,440.5116734701419,440.8370900082654,438.8881822356748,440.43131990824486
2.4000000000000017,-2.02560005031,-0.572532866174,18.0873808153,6.18750704351,0.335197724356,0.0,-3.14620318648,-0.904538533992,4.78930775367,-0.0145312226144,0.22143118582,0.0,433.69904870149236,432.4180460636801,432.59645357765487,434.00607798468036
2.4600000000000017,-2.22148281101,-0.628728388553,18.3769996834,6.18657985488,0.349137679554,0.0,-3.38434479175,-0.968616612718,4.86332859296,-0.0173637711711,0.248150943132,0.0,469.968020844517,472.08427681290374,472.14252722242594,471.9240187568715
2.520000000000002,-2.43045354851,-0.688385092066,18.6668922035,6.18567462411,0.364230310105,0.0,-3.58251973475,-1.01996417512,4.79910868365,-0.0108840755938,0.257575873783,0.0,427.9245903046841,428.7921884758038,428.3145634295329,428.86549038022827
2.580000000000002,-2.65131130446,-0.751063246234,18.9521674523,6.18531473633,0.379536346996,0.0,-3.78059052833,-1.06930098037,4.70949486792,0.00232094151632,0.249636365222,0.0,420.8011493906547,420.1825484188106,421.0513982927804,422.19260344743304
2.640000000000002,-2.8851452784,-0.816903880944,19.2340631784,6.18536453193,0.394963100253,0.0,-4.01505413418,-1.12529218167,4.68599845141,-0.00233284744363,0.268933544073,0.0,444.7783868523558,446.4219347611686,445.8702408946144,445.4897816971065
2.700000000000002,-3.13416525448,-0.886288512186,19.5164047025,6.18578887112,0.411539380405,0.0,-4.2868692217,-1.18737509256,4.72383284359,0.0212491114346,0.28791467841,0.0,467.9810388685899,469.52867423264286,467.5482118923409,469.38217309897
2.760000000000002,-3.39752791925,-0.958867115283,19.7956670293,6.1878800848,0.428655346259,0.0,-4.49315046664,-1.23176091544,4.58437875646,0.0534288011572,0.279375235445,0.0,409.62277784130936,408.95264680803433,409.5662269661544,412.41960709592496
2.820000000000002,-3.67460415525,-1.03429258621,20.0687931426,6.19101376759,0.445320726222,0.0,-4.74395163519,-1.2820962,4.51875998605,0.0497123628563,0.274313031202,0.0,438.5056913370166,438.1641287184098,438.8761875210469,438.569349890556
2.880000000000002,-3.96505696224,-1.11230896612,20.3337939236,6.1941705831,0.46228995384,0.0,-4.939038612,-1.31827494543,4.31435043403,0.0578606790826,0.295912521116,0.0,387.08472363261194,389.2053072292216,389.0002512337367,389.764953716006
2.940000000000002,-4.27015099671,-1.19292976262,20.5917914804,6.19736999333,0.47969572693,0.0,-5.23200233826,-1.36869545332,4.2840280544,0.0422125292079,0.274775483861,0.0,455.4534839064523,453.84230234381266,455.4099565339986,454.15808104945046
3.000000000000002,-4.59388081699,-1.27663583277,20.849208992,6.1997490905,0.496475386766,0.0,-5.56009807582,-1.42114992608,4.29465064324,0.0339642522593,0.287961941818,0.0,472.2121197942475,473.30217250136764,472.2865335402591,471.65048453187876
3.0600000000000023,-4.93556614519,-1.36312293976,21.1033022815,6.20164096993,0.513424261432,0.0,-5.83058013101,-1.46154632977,4.17397710192,0.0261587325495,0.26834445892,0.0,430.71004690254125,429.130645899472,430.9787777436655,430.31875608843353
3.1200000000000023,-5.2948386396,-1.45215565295,21.351901935,6.20289043063,0.529930791778,0.0,-6.14620765939,-1.50598971491,4.11103423383,0.00714343987178,0.286009440937,0.0,453.84679988473533,455.336858671835,454.8286081044108,453.30275515257233
3.1800000000000024,-5.67194279088,-1.54363702946,21.5941574925,6.20296768734,0.54713905443,0.0,-6.42505203482,-1.54329712218,3.96294110966,-0.0142327036312,0.288344949061,0.0,426.29634980441637,426.5831675468465,428.3313878282218,426.5091126046681
3.2400000000000024,-6.06662377615,-1.63742384241,21.8282846369,6.20299847418,0.564754386709,0.0,-6.73204770272,-1.58285054683,3.83974405854,0.0201526637657,0.302405544259,0.0,439.2211943123176,440.47423981541556,438.09696694121226,440.94753789432565
3.3000000000000025,-6.48020996652,-1.73359209635,22.0551187933,6.20401008212,0.582894433402,0.0,-7.05520756214,-1.62256734472,3.71964378613,0.00929263179693,0.302191235239,0.0,444.43141669724906,444.5069730545852,445.8677086005712,444.97925564366415
3.3600000000000025,-6.91263852391,-1.83201780111,22.2732522348,6.20450629819,0.601041089655,0.0,-7.36013526319,-1.65816361099,3.54995150952,0.00614282757325,0.302944305411,0.0,430.36797943869976,430.52818877639004,430.48267198662575,430.21586377103284
3.4200000000000026,-7.36553434203,-1.93277591296,22.4837208571,6.20605643027,0.61901250108,0.0,-7.73724506588,-1.70020135248,3.46331503831,0.0495307750658,0.291635656881,0.0,467.0215137765599,466.22493611938023,464.16581626807357,467.5594217950742
3.4800000000000026,-7.83886880446,-2.03574515745,22.6852421439,6.20947862538,0.636314818873,0.0,-8.04157527953,-1.73184975934,3.2526243604,0.0689124851847,0.280902291743,0.0,423.6048008042495,422.76940411690583,423.871077265254,425.5362956569192
3.5400000000000027,-8.33268444439,-2.14075577116,22.8765394435,6.21325490436,0.652943159843,0.0,-8.41968124719,-1.76810580315,3.12172404314,0.0469910538465,0.268311284356,0.0,461.2763054154446,460.35520396234153,459.3980684155066,457.65868552116905
3.6000000000000028,-8.85069862692,-2.24799173163,23.061305124,6.2159549967,0.669078159664,0.0,-8.84793824849,-1.80606177995,3.03436286036,0.0406932603327,0.270098074167,0.0,481.11078022881725,481.3129961216476,482.84346999068083,482.36896807103926
3.660000000000003,-9.39319814272,-2.35732441085,23.2386297106,6.21867944207,0.68534707915,0.0,-9.23597128262,-1.83807170003,2.87410260406,0.0534722795699,0.273166602944,0.0,460.890279819424,461.2041349158751,460.89107067419707,461.9013760740566
3.720000000000003,-9.95907971267,-2.46851436177,23.4058364098,6.22293573806,0.701789607225,0.0,-9.62730448695,-1.86790575362,2.69704027664,0.0929015488494,0.275734233419,0.0,461.2455546025299,461.5212221148063,458.95346119049947,462.0766126533858
3.780000000000003,-10.5475351528,-2.58134419999,23.5607332094,6.22835979956,0.718475608365,0.0,-9.98855196571,-1.89271134912,2.46407760947,0.0848656650872,0.282445550975,0.0,444.0448035169135,444.6733946001602,445.54060515263365,444.8896816735516
3.840000000000003,-11.1594398493,-2.6956892084,23.7030794042,6.23321504256,0.735504159003,0.0,-10.4086397793,-1.91837457337,2.27797316816,0.0715612747772,0.286399710332,0.0,470.4625505524475,470.84541145758567,470.11122240066277,469.08368125487635
3.900000000000003,-11.7954857042,-2.81143352022,23.8324360464,6.2373936315,0.754000453241,0.0,-10.7933736936,-1.93946037006,2.03134980818,0.0655031889042,0.333470037973,0.0,451.33866110573473,455.2140397150162,453.16631243801186,452.68247582990205
3.960000000000003,-12.4535335123,-2.92832621477,23.9452152589,6.24129414376,0.77403500384,0.0,-11.1421442481,-1.95672191029,1.72559175391,0.0640009191122,0.33477084494,0.0,435.1285234597889,435.3544414994055,435.08651905948653,434.96388193711533
4.020000000000002,-13.1355963965,-3.04633128788,24.0421810021,6.24466910464,0.794241895951,0.0,-11.5932879592,-1.97646149619,1.50302799996,0.0324683302736,0.340516649123,0.0,478.1848239885173,478.730002301655,479.6841338934756,477.2844150837137
4.080000000000001,-13.8429204504,-3.16539749404,24.1233101301,6.24665766684,0.814750832514,0.0,-11.9843655373,-1.99223836493,1.19826398897,0.0344581850689,0.344287589088,0.0,452.5067013497747,452.9279754180494,453.79499863017264,453.95516676315384
4.14,-14.5727393489,-3.28534157064,24.1846015189,6.24856269795,0.835325119506,0.0,-12.3431993473,-2.00575286276,0.842040992954,0.0256965860401,0.339994052087,0.0,439.017211892719,438.78318750616506,439.37773747374615,438.65079268706756
4.199999999999998,-15.3252093481,-3.4061019105,24.2249221071,6.2503084291,0.855680233283,0.0,-12.7390953476,-2.01944367296,0.49877338043,0.0351479476713,0.337729272592,0.0,453.9974181837402,453.9311937340873,453.76962202007206,454.5282640366825
4.259999999999997,-16.1043916517,-3.52773618121,24.246554608,6.25258741802,0.875730397321,0.0,-13.2328838703,-2.03481344656,0.217997720389,0.0431223577471,0.325907795092,0.0,493.06371194643907,492.2916980658786,492.65255013610226,493.24259742075856
4.319999999999996,-16.9103477558,-3.65018123695,24.2482424271,6.25480001318,0.894913455491,0.0,-13.6320624944,-2.04653316694,-0.165089512053,0.0198910165694,0.303009994848,0.0,459.3620138949473,457.6422173723946,459.36238971872933,457.5161335685967
4.379999999999995,-17.7421824881,-3.77334637403,24.2278462157,6.25573687479,0.912757894499,0.0,-14.0949874246,-2.05883968304,-0.518783153287,0.00528315091743,0.282848947398,0.0,484.2356671353595,482.79765242558994,484.31492518810006,483.2143636768355
4.439999999999993,-18.6002741462,-3.89719726657,24.1843781131,6.25580764039,0.930183043154,0.0,-14.5075863588,-2.06943910885,-0.933697322702,-0.00864542312667,0.302356097875,0.0,465.40932970934756,467.0150141039703,467.8758550840592,466.7896282433785
4.499999999999992,-19.4812359884,-4.02163205097,24.1139703441,6.25485225117,0.947829753414,0.0,-14.857643249,-2.07833090142,-1.41633981341,-0.0373376141737,0.267634865564,0.0,445.2798366794477,442.5151100708097,445.40779897523305,443.0537639601228
4.559999999999991,-20.3839089962,-4.14660562352,24.0145004258,6.25256928624,0.963821779947,0.0,-15.2311687044,-2.08741495321,-1.90265427647,-0.0395120636144,0.26424076635,0.0,453.778879888021,453.57625394406165,453.3857736670194,453.2102783894526
4.6199999999999894,-21.3067219786,-4.27206777939,23.8836449404,6.25060211067,0.979469438108,0.0,-15.5295705777,-2.09460496224,-2.46195018222,-0.0219170070173,0.252834103971,0.0,424.999885465997,424.0923447950449,424.41337134778047,425.92122435482435
4.679999999999988,-22.2475781951,-4.39795118416,23.7187143678,6.24873162864,0.994151778281,0.0,-15.8326169255,-2.10144060677,-3.03864902514,-0.0655446881122,0.218898818476,0.0,427.0576144047849,424.21281083890983,427.9407715247018,424.20778496290774
4.739999999999987,-23.2078844641,-4.52425783088,23.5193583821,6.24455329444,1.00758934846,0.0,-16.1776687553,-2.10870759799,-3.60989437284,-0.0794287946357,0.232517930487,0.0,441.07880283975135,442.25256980699623,441.32378359609544,440.1718106114549
4.799999999999986,-24.1899167207,-4.6510088008,23.2856721711,6.23950654179,1.02155694358,0.0,-16.5563739125,-2.1162242897,-4.18350904494,-0.0956713752916,0.233337217901,0.0,453.81753603178134,453.9360511637838,454.3474167141272,453.03679712164137
4.859999999999984,-25.1942381801,-4.77817815503,23.0165584782,6.23342425723,1.03536785019,0.0,-16.920710442,-2.12261343281,-4.79088061052,-0.1163096623,0.222992649441,0.0,449.9591131099065,449.1723310019026,450.2173747348119,448.5343946603829
4.919999999999983,-26.2221777945,-4.90575356402,22.7112650894,6.22660752578,1.04858375467,0.0,-17.3431097946,-2.1297193249,-5.39015067492,-0.108703961931,0.214172631458,0.0,471.4951700724256,470.8578265320437,470.3986477475454,470.9768598801584
4.979999999999982,-27.2772640825,-5.03377933003,22.3702006476,6.22001175705,1.06091952871,0.0,-17.825041061,-2.13756971224,-5.98391911881,-0.112498258289,0.176922602297,0.0,493.94660231830954,491.2260698816831,493.4938596072331,493.2041874778803
5.0399999999999805,-28.3541146765,-5.16197707183,21.988615024,6.21292669112,1.07190118727,0.0,-18.0712998276,-2.13538008587,-6.73909586774,-0.132616598603,0.193052946893,0.0,411.33996899168176,412.80194294079246,410.99871966610607,409.19631404476087
